33.4 49.5
32.8 81.2
9.7 131.5
0.4 168.4
10.8 236.6
21.8 262.6
17.8 271.8
35.1 279.3
46.1 292
51.9 289.7
55.4 301.9
81.4 312.2
128.2 341.1
168.7 345.7
168.7 338.2
190.1 340.5
228.8 386.2
240.9 373.5
256 375.8
282.6 427.8
309.7 437
309.1 408.7
356.6 377.5
399.9 386.8
417.8 375.2
413.8 370.6
418.4 364.2
456.6 361.9
472.8 370
488.9 362.5
502.8 375.8
519.6 414.5
539.8 430.1
549.1 429.5
551.4 404.1
520.2 349.8
523.1 329
543.3 307.6
547.3 294.3
556 293.2
580.3 258
564.1 229.7
578.6 223.3
576.8 207.7
584.3 196.7
582 185.8
601.1 173.1
618.4 157.5
606.9 147.6
609.8 125.1
640.4 101.4
612.7 63.9
602.8 70.8
595.9 108.4
547.9 122.2
541 137.3
547.9 142.4
533.5 153.4
514.4 156.9
519.6 162.7
482.6 190.4
468.1 185.8
478 166.7
472.2 149.4
461.8 132.6
445.6 126.3
434.6 140.7
430.6 162.7
436.3 177.7
429.4 193.3
421.9 191.5
416.7 168.4
421.9 137.8
414.4 150.5
412.1 147.1
420.1 128.6
453.7 121.7
450.8 111.8
417.8 118.8
405.7 111.8
414.4 102
406.3 100.3
386 119.9
369.3 117.6
382.6 103.8
398.8 96.2
375.1 96.2
373.3 98.6
356 88.7
349.6 92.8
342.7 89.3
338.1 77.8
333.4 77.8
335.2 84.1
242.7 79.5
55.9 46.6
59.4 63.9